1941.41 0.14942 0.14942 -0.14512 -0.15 0.00 -0.15 0.19779 0.19779 0.00000
1946.16 0.00931 0.00931 10.30962 10.31 0.00 10.31 -3.42723 -3.42723 0.00000
1951.37 0.06955 0.06955 -28.32224 -28.32 0.00 -28.32 9.51029 9.51029 0.00000
1956.17 0.37435 0.37435 25.27971 25.28 0.00 25.28 -8.05222 -8.05222 0.00000
1961.40 0.44393 0.44393 -24.94908 -24.95 0.00 -24.95 8.76029 8.76029 0.00000
1966.17 0.47506 0.47506 42.45687 42.46 0.00 42.46 -13.67723 -13.67723 0.00000
1971.40 0.43052 0.43052 -44.48933 -44.49 0.00 -44.49 15.26029 15.26029 0.00000
1976.18 0.55390 0.55390 56.00587 56.01 0.00 56.01 -18.11472 -18.11472 0.00000
1981.39 0.35954 0.35954 -55.01476 -55.01 0.00 -55.01 18.69780 18.69780 0.00000
1986.18 0.53796 0.53796 58.77055 58.77 0.00 58.77 -19.05222 -19.05222 0.00000
1991.38 1.04990 1.04990 -59.69368 -59.69 0.00 -59.69 20.94780 20.94780 0.00000
1995.99 1.25953 1.25953 60.37274 60.37 0.00 60.37 -18.86472 -18.86472 0.00000
2001.18 1.35108 1.35108 -39.66512 -39.67 0.00 -39.67 14.57279 14.57279 0.00000
2006.20 1.55744 1.55744 76.45398 76.45 0.00 76.45 -23.92722 -23.92722 0.00000
2011.39 1.41587 1.41587 -39.84577 -39.85 0.00 -39.85 14.69779 14.69779 0.00000
2016.18 1.64761 1.64761 72.59946 72.60 0.00 72.60 -22.55221 -22.55221 0.00000
2021.37 1.49329 1.49329 -51.61351 -51.61 0.00 -51.61 18.69779 18.69779 0.00000
2026.20 1.00779 1.00779 73.86751 73.87 0.00 73.87 -23.61471 -23.61471 0.00000
2031.39 0.86691 0.86691 -28.93014 -28.93 0.00 -28.93 10.51029 10.51029 0.00000
2036.20 1.22239 1.22239 72.26131 72.26 0.00 72.26 -22.86471 -22.86471 0.00000
2041.41 0.93178 0.93178 -24.04802 -24.05 0.00 -24.05 8.94779 8.94779 0.00000
2046.16 2.02822 2.02822 69.42879 69.43 0.00 69.43 -21.11471 -21.11471 0.00000
2051.38 1.77393 1.77393 -17.95905 -17.96 0.00 -17.96 7.76028 7.76028 0.00000
2056.18 2.15618 2.15618 70.75018 70.75 0.00 70.75 -21.42721 -21.42721 0.00000
2061.37 1.20233 1.20233 -23.98635 -23.99 0.00 -23.99 9.19778 9.19778 0.00000
2066.16 1.66230 1.66230 82.58100 82.58 0.00 82.58 -25.86470 -25.86470 0.00000
2071.38 1.45058 1.45058 -16.67913 -16.68 0.00 -16.68 7.01029 7.01029 0.00000
2076.18 1.86102 1.86102 57.86467 57.86 0.00 57.86 -17.42720 -17.42720 0.00000
2081.39 1.66965 1.66965 2.35313 2.35 0.00 2.35 0.88528 0.88528 0.00000
2086.16 2.05329 2.05329 50.75401 50.75 0.00 50.75 -14.86471 -14.86471 0.00000
2091.40 1.88715 1.88715 -7.68190 -7.68 0.00 -7.68 4.44779 4.44779 0.00000
2096.19 2.93034 2.93034 73.82261 73.82 0.00 73.82 -21.67720 -21.67720 0.00000
2101.37 2.82849 2.82849 0.95463 0.95 0.00 0.95 2.51028 2.51028 0.00000
2106.20 3.19056 3.19056 61.10330 61.10 0.00 61.10 -17.17720 -17.17720 0.00000
2111.38 3.20641 3.20641 34.33840 34.34 0.00 34.34 -8.23973 -8.23973 0.00000
2116.16 2.71890 2.71890 26.12583 26.13 0.00 26.13 -5.98971 -5.98971 0.00000
2121.37 2.73487 2.73487 35.17378 35.17 0.00 35.17 -8.98972 -8.98972 0.00000
2126.18 2.98367 2.98367 33.67013 33.67 0.00 33.67 -8.23971 -8.23971 0.00000
2131.40 2.99474 2.99474 30.14090 30.14 0.00 30.14 -7.05222 -7.05222 0.00000
2136.19 4.00611 4.00611 41.79995 41.80 0.00 41.80 -9.92721 -9.92721 0.00000
2141.42 4.16231 4.16231 58.20610 58.21 0.00 58.21 -15.23972 -15.23972 0.00000
2146.16 4.13919 4.13919 -6.17583 -6.18 0.00 -6.18 6.19780 6.19780 0.00000
2151.40 4.28303 4.28303 61.94321 61.94 0.00 61.94 -16.36471 -16.36471 0.00000
2156.16 4.52559 4.52559 23.29589 23.30 0.00 23.30 -3.23971 -3.23971 0.00000
2161.38 4.64943 4.64943 71.85496 71.85 0.00 71.85 -19.30222 -19.30222 0.00000
2166.16 4.82613 4.82613 26.82253 26.82 0.00 26.82 -4.11471 -4.11471 0.00000
2171.38 4.32562 4.32562 76.32101 76.32 0.00 76.32 -21.11472 -21.11472 0.00000
2176.21 4.40547 4.40547 0.81055 0.81 0.00 0.81 4.13529 4.13529 0.00000
2181.40 4.59517 4.59517 84.44214 84.44 0.00 84.44 -23.55221 -23.55221 0.00000
2186.19 5.44190 5.44190 14.60733 14.61 0.00 14.61 0.57279 0.57279 0.00000
2191.38 5.74123 5.74123 96.31785 96.32 0.00 96.32 -26.36472 -26.36472 0.00000
2196.16 5.66330 5.66330 27.08403 27.08 0.00 27.08 -3.36471 -3.36471 0.00000
2201.41 6.07005 6.07005 93.74179 93.74 0.00 93.74 -25.17721 -25.17721 0.00000
2206.17 5.26901 5.26901 17.27617 17.28 0.00 17.28 -0.48971 -0.48971 0.00000
2211.37 5.55826 5.55826 86.95641 86.96 0.00 86.96 -23.42721 -23.42721 0.00000
2216.19 5.52217 5.52217 23.28563 23.29 0.00 23.29 -2.23971 -2.23971 0.00000
2221.38 5.97296 5.97296 81.45052 81.45 0.00 81.45 -21.17722 -21.17722 0.00000
2226.19 5.90805 5.90805 43.38081 43.38 0.00 43.38 -8.55221 -8.55221 0.00000
2231.36 6.29247 6.29247 81.47156 81.47 0.00 81.47 -20.86471 -20.86471 0.00000
2236.16 6.30282 6.30282 33.87763 33.88 0.00 33.88 -4.98972 -4.98972 0.00000
2241.40 7.26435 7.26435 58.51216 58.51 0.00 58.51 -12.23971 -12.23971 0.00000
2246.20 7.40130 7.40130 67.54803 67.55 0.00 67.55 -15.11471 -15.11471 0.00000
2251.40 7.65290 7.65290 49.74034 49.74 0.00 49.74 -8.92721 -8.92721 0.00000
2256.21 7.76964 7.76964 56.65307 56.65 0.00 56.65 -11.11471 -11.11471 0.00000
2261.36 7.30497 7.30497 48.88403 48.88 0.00 48.88 -8.98971 -8.98971 0.00000
2266.19 7.52248 7.52248 70.72408 70.72 0.00 70.72 -16.05221 -16.05221 0.00000
2271.38 7.59971 7.59971 28.76826 28.77 0.00 28.77 -1.98971 -1.98971 0.00000
2276.16 8.51698 8.51698 81.39511 81.40 0.00 81.40 -18.61472 -18.61472 0.00000
2281.40 8.76858 8.76858 48.21237 48.21 0.00 48.21 -7.30220 -7.30220 0.00000
2286.16 8.96107 8.96107 75.03988 75.04 0.00 75.04 -16.05222 -16.05222 0.00000
2291.37 8.95156 8.95156 30.19882 30.20 0.00 30.20 -1.11471 -1.11471 0.00000
2296.19 9.25507 9.25507 87.73436 87.73 0.00 87.73 -19.98971 -19.98971 0.00000
2301.40 9.29553 9.29553 36.29323 36.29 0.00 36.29 -2.80221 -2.80221 0.00000
2306.20 9.66675 9.66675 88.59438 88.59 0.00 88.59 -19.86472 -19.86472 0.00000
2311.37 9.79111 9.79111 49.02995 49.03 0.00 49.03 -6.55221 -6.55221 0.00000
2316.21 9.26262 9.26262 86.25702 86.26 0.00 86.26 -19.48972 -19.48972 0.00000
2321.40 9.33329 9.33329 28.53149 28.53 0.00 28.53 -0.17721 -0.17721 0.00000
2326.19 9.49544 9.49544 62.01795 62.02 0.00 62.02 -11.17721 -11.17721 0.00000
2331.41 9.62037 9.62037 47.20524 47.21 0.00 47.21 -6.11471 -6.11471 0.00000
2336.20 9.85740 9.85740 85.22885 85.23 0.00 85.23 -18.55222 -18.55222 0.00000
2341.41 9.75235 9.75235 27.35118 27.35 0.00 27.35 0.63529 0.63529 0.00000
2346.16 10.10318 10.10318 79.21617 79.22 0.00 79.22 -16.30221 -16.30221 0.00000
2351.39 10.07816 10.07816 35.82862 35.83 0.00 35.83 -1.86471 -1.86471 0.00000
2356.17 10.21070 10.21070 79.16374 79.16 0.00 79.16 -16.17721 -16.17721 0.00000
2361.53 10.20288 10.20288 68.45280 68.45 0.00 68.45 -12.61471 -12.61471 0.00000
2366.32 10.43995 10.43995 35.78896 35.79 0.00 35.79 -1.48971 -1.48971 0.00000
2371.51 10.47496 10.47496 60.64402 60.64 0.00 60.64 -9.73972 -9.73972 0.00000
2376.29 10.63086 10.63086 39.73672 39.74 0.00 39.74 -2.61471 -2.61471 0.00000
2381.49 10.61876 10.61876 68.57541 68.58 0.00 68.58 -12.23971 -12.23971 0.00000
2386.26 11.32056 11.32056 33.74332 33.74 0.00 33.74 0.07279 0.07279 0.00000
2391.49 11.47781 11.47781 70.40257 70.40 0.00 70.40 -11.98971 -11.98971 0.00000
2396.25 11.48425 11.48425 33.48439 33.48 0.00 33.48 0.32279 0.32279 0.00000
2401.43 11.66747 11.66747 52.03403 52.03 0.00 52.03 -5.67721 -5.67721 0.00000
2406.25 11.66958 11.66958 43.97789 43.98 0.00 43.98 -2.98972 -2.98972 0.00000
2411.43 11.84317 11.84317 64.56111 64.56 0.00 64.56 -9.67720 -9.67720 0.00000
2416.22 11.76765 11.76765 54.02212 54.02 0.00 54.02 -6.23972 -6.23972 0.00000
2421.41 11.25738 11.25738 40.30377 40.30 0.00 40.30 -2.17721 -2.17721 0.00000
2426.20 11.33410 11.33410 63.97145 63.97 0.00 63.97 -9.98972 -9.98972 0.00000
2431.37 11.33901 11.33901 19.54867 19.55 0.00 19.55 4.82279 4.82279 0.00000
2436.17 11.51452 11.51452 68.26270 68.26 0.00 68.26 -11.23971 -11.23971 0.00000
2441.40 11.48142 11.48142 21.85091 21.85 0.00 21.85 4.19778 4.19778 0.00000
2446.17 11.77725 11.77725 79.36336 79.36 0.00 79.36 -14.67720 -14.67720 0.00000
2451.37 11.73139 11.73139 30.10081 30.10 0.00 30.10 1.69779 1.69779 0.00000
2456.16 11.92045 11.92045 47.35545 47.36 0.00 47.36 -3.86470 -3.86470 0.00000
2461.41 11.92356 11.92356 61.98983 61.99 0.00 61.99 -8.73971 -8.73971 0.00000
2466.18 12.00815 12.00815 28.30605 28.31 0.00 28.31 2.57279 2.57279 0.00000
2471.42 12.09198 12.09198 81.99511 82.00 0.00 82.00 -15.23972 -15.23972 0.00000
2476.18 12.27621 12.27621 32.29778 32.30 0.00 32.30 1.51029 1.51029 0.00000
2481.39 12.38857 12.38857 94.50983 94.51 0.00 94.51 -19.11471 -19.11471 0.00000
2486.18 12.35967 12.35967 22.42316 22.42 0.00 22.42 4.88529 4.88529 0.00000
2491.41 12.59446 12.59446 91.75249 91.75 0.00 91.75 -17.98971 -17.98971 0.00000
2496.17 12.60430 12.60430 42.28204 42.28 0.00 42.28 -1.48971 -1.48971 0.00000
2501.40 12.84036 12.84036 51.80269 51.80 0.00 51.80 -4.42720 -4.42720 0.00000
2506.19 12.85225 12.85225 70.40090 70.40 0.00 70.40 -10.61472 -10.61472 0.00000
2511.39 13.09014 13.09014 57.42704 57.43 0.00 57.43 -6.05221 -6.05221 0.00000
2516.20 13.07443 13.07443 86.44245 86.44 0.00 86.44 -15.73972 -15.73972 0.00000
2521.38 13.31704 13.31704 53.60772 53.61 0.00 53.61 -4.55220 -4.55220 0.00000
2526.16 13.42313 13.42313 94.61354 94.61 0.00 94.61 -18.11472 -18.11472 0.00000
2531.40 13.61611 13.61611 68.56744 68.57 0.00 68.57 -9.23971 -9.23971 0.00000
2536.17 13.81907 13.81907 86.23885 86.24 0.00 86.24 -14.92721 -14.92721 0.00000
2541.37 13.85629 13.85629 66.47554 66.48 0.00 66.48 -8.30222 -8.30222 0.00000
2546.17 14.17182 14.17182 100.79710 100.80 0.00 100.80 -19.42721 -19.42721 0.00000
2551.40 14.22037 14.22037 82.38027 82.38 0.00 82.38 -13.23972 -13.23972 0.00000
2556.17 14.61224 14.61224 85.05583 85.06 0.00 85.06 -13.73971 -13.73971 0.00000
2561.38 14.81976 14.81976 80.80341 80.80 0.00 80.80 -12.11471 -12.11471 0.00000
